Run semi-empirical minimization
 &qmmm
    qm_theory='AM1', grms_tol=0.0002,
  tight_p_conv=1, scfconv=1.d-10,   qmcharge=1,
 /
   6    C1        2.3770       19.0210        5.9520 
   6    C2        1.2760       18.3270        5.1060 
   6    C3       -0.0690       19.1130        5.0340 
   6    C4        2.0370       19.1930        7.4540 
   6    C5        0.9020       20.2120        7.7350 
   6    C6       -0.9710       18.9540        6.2880 
   6    C7       -0.5390       19.6490        7.6170 
   7    N1        1.7940       18.1270        3.7440 
   1    H1        2.6060       20.0000        5.5190 
   1    H2        3.2910       18.4200        5.8880 
   1    H3        1.0910       17.3280        5.5090 
   1    H4       -0.6440       18.7210        4.1880 
   1    H5        0.1130       20.1730        4.8330 
   1    H6        2.9420       19.5550        7.9510 
   1    H7        1.7920       18.2230        7.8960 
   1    H8        1.0080       21.0850        7.0840 
   1    H9        1.0250       20.5690        8.7620 
   1   H10       -1.1010       17.8830        6.4740 
   1   H11       -1.9640       19.3360        6.0240 
   1   H12       -1.2210       20.4840        7.8090 
   1   H13       -0.6900       18.9380        8.4350 
   1   H14        1.1070       17.6110        3.1900 
   1   H15        1.9740       19.0320        3.3070 
   1   H16        2.6620       17.5890        3.7840 

