Run semi-empirical minimization
 &qmmm
    qm_theory='AM1', grms_tol=0.0002,
  tight_p_conv=1, scfconv=1.d-10,   qmcharge=2,
 /
   6    C1       16.9370       17.9960      -11.4380 
   6    C2       16.2460       19.1950      -12.1400 
   6    C3       17.2690       20.0590      -12.9210 
   6    C4       18.4240       20.5370      -12.0010 
   6    C5       19.1250       19.3400      -11.2940 
   6    C6       18.0960       18.4660      -10.5120 
   7    N1       18.7520       17.3040       -9.8840 
   7    N2       20.1950       19.8270      -10.4050 
   1    H1       16.1930       17.4560      -10.8490 
   1    H2       17.3250       17.3130      -12.2000 
   1    H3       15.4830       18.8250      -12.8290 
   1    H4       15.7460       19.8170      -11.3900 
   1    H5       17.6810       19.4720      -13.7480 
   1    H6       16.7600       20.9260      -13.3480 
   1    H7       18.0210       21.2260      -11.2520 
   1    H8       19.1520       21.0830      -12.6040 
   1    H9       19.6050       18.7220      -12.0590 
   1   H10       17.6670       19.0640       -9.7010 
   1   H11       18.0640       16.7680       -9.3500 
   1   H12       19.4840       17.6310       -9.2480 
   1   H13       19.1700       16.7040      -10.5980 
   1   H14       20.8730       20.3670      -10.9480 
   1   H15       19.8040       20.4170       -9.6680 
   1   H16       20.6720       19.0280       -9.9790 

