Run semi-empirical minimization
 &qmmm
    qm_theory='AM1', grms_tol=0.0002,
  tight_p_conv=1, scfconv=1.d-10,   qmcharge=1,
 /
   6    C1       18.3950      -17.7420      -18.1980 
   6    C2       18.5670      -16.6600      -17.1060 
   6    C3       18.2590      -17.2030      -15.6830 
   6    C4       18.4240      -16.1350      -14.5700 
   6    C5       18.1150      -16.6800      -13.1460 
   6    C6       18.2900      -15.5860      -12.0610 
   6    C7       17.9920      -16.0890      -10.6230 
   6    C8       18.1820      -14.9580       -9.5790 
   6    C9       17.8960      -15.4000       -8.1100 
   7    N1       18.0580      -14.3510       -7.0180 
   6   C10       17.7340      -14.9920       -5.6850 
   6   C11       17.1110      -13.1910       -7.2250 
   6   C12       19.4780      -13.8360       -6.9580 
   1    H1       18.6200      -17.3230      -19.1810 
   1    H2       19.0740      -18.5780      -18.0130 
   1    H3       17.3680      -18.1130      -18.2050 
   1    H4       19.5950      -16.2880      -17.1440 
   1    H5       17.8970      -15.8260      -17.3350 
   1    H6       18.9310      -18.0400      -15.4720 
   1    H7       17.2310      -17.5770      -15.6640 
   1    H8       17.7520      -15.2980      -14.7820 
   1    H9       19.4520      -15.7610      -14.5910 
   1   H10       17.0870      -17.0510      -13.1160 
   1   H11       18.7870      -17.5140      -12.9250 
   1   H12       17.6190      -14.7520      -12.2870 
   1   H13       19.3200      -15.2150      -12.0960 
   1   H14       16.9630      -16.4560      -10.5770 
   1   H15       18.6630      -16.9180      -10.3860 
   1   H16       17.5130      -14.1370       -9.8460 
   1   H17       19.2110      -14.6000       -9.6550 
   1   H18       18.5570      -16.2490       -7.9010 
   1   H19       16.8720      -15.7900       -8.0910 
   1   H20       18.4010      -15.8310       -5.4700 
   1   H21       16.7090      -15.3710       -5.6610 
   1   H22       17.8350      -14.2790       -4.8600 
   1   H23       16.0790      -13.5360       -7.3370 
   1   H24       17.1350      -12.4940       -6.3830 
   1   H25       17.3650      -12.6130       -8.1150 
   1   H26       19.6330      -13.1730       -6.1020 
   1   H27       20.1960      -14.6570       -6.8730 
   1   H28       19.7390      -13.2590       -7.8470 

