Run semi-empirical minimization
 &qmmm
    qm_theory='AM1', grms_tol=0.0002,
  tight_p_conv=1, scfconv=1.d-10,   qmcharge=0,
 /
   6    C1        1.8850       -1.0360       -0.1120 
   6    C2        0.8070       -0.4630        0.5610 
   6    C3        2.9210       -1.6310        0.6080 
   6    C4        0.7640       -0.4840        1.9550 
   6    C5        2.8780       -1.6520        2.0020 
   6    C6        1.8000       -1.0790        2.6760 
   6    C7        3.9700       -2.2780        2.7350 
   6    C8        2.3310        0.0260        4.6460 
   6    C9        2.2130       -0.0810        6.1380 
   8    O1        3.8680       -2.8320        3.8330 
   8    O2        2.8710        0.9580        4.0640 
   8    O3        5.1550       -2.1930        2.0720 
   8    O4        1.7390       -1.0910        4.0370 
   1    H1        1.9180       -1.0200       -1.1980 
   1    H2        0.0010        0.0000       -0.0010 
   1    H3        3.7560       -2.0750        0.0730 
   1    H4       -0.0790       -0.0360        2.4740 
   1    H5        1.2850        0.3910        6.4710 
   1    H6        3.0550        0.4380        6.6060 
   1    H7        2.2410       -1.1320        6.4370 
   1    H8        5.8970       -2.6120        2.5580 

