Run semi-empirical minimization
 &qmmm
    qm_theory='AM1', grms_tol=0.0002,
  tight_p_conv=1, scfconv=1.d-10,   qmcharge=2,
 /
   6    C1      -17.9640        1.9390      -10.0300 
   6    C2      -18.1030        2.3420      -11.3720 
   6    C3      -16.9790        2.3760      -12.2160 
   6    C4      -15.7000        2.0130      -11.7310 
   6    C5      -15.5770        1.5970      -10.3840 
   6    C6      -16.7000        1.5630       -9.5390 
   7    N1      -19.0780        1.9090       -9.1910 
   6    C7      -14.5200        2.0360      -12.6250 
   7    N2      -14.3920        0.7310      -13.2770 
   1    H1      -19.0180        2.6120      -11.7380 
   1    H2      -17.1050        2.6640      -13.1900 
   1    H3      -14.6690        1.3130      -10.0080 
   1    H4      -16.5910        1.2650       -8.5660 
   1    H5      -19.5160        0.9900       -9.2450 
   1    H6      -18.7870        2.0910       -8.2290 
   1    H7      -19.7460        2.6230       -9.4820 
   1    H8      -14.6190        2.8090      -13.3900 
   1    H9      -13.6050        2.2460      -12.0660 
   1   H10      -13.5800        0.7350      -13.8970 
   1   H11      -15.2340        0.5370      -13.8230 
   1   H12      -14.2740        0.0040      -12.5690 

