Run semi-empirical minimization
 &qmmm
    qm_theory='AM1', grms_tol=0.0002,
  tight_p_conv=1, scfconv=1.d-10,   qmcharge=1,
 /
   8    O1        4.8190      -16.4110       -8.7060 
   6    C1        4.1130      -16.4710       -9.9400 
   6    C2        2.6900      -15.8930       -9.7820 
   6    C3        1.8770      -15.9350      -11.1020 
   6    C4        0.4450      -15.3540      -10.9420 
   6    C5       -0.3710      -15.3950      -12.2620 
   6    C6       -1.7960      -14.8150      -12.0970 
   7    N1       -2.5200      -14.8780      -13.3700 
   1    H1        5.6980      -16.7960       -8.9100 
   1    H2        4.6690      -15.8990      -10.6860 
   1    H3        4.0620      -17.5130      -10.2610 
   1    H4        2.1600      -16.4670       -9.0160 
   1    H5        2.7660      -14.8570       -9.4400 
   1    H6        1.8020      -16.9730      -11.4420 
   1    H7        2.4090      -15.3610      -11.8670 
   1    H8        0.5180      -14.3160      -10.6050 
   1    H9       -0.0890      -15.9290      -10.1800 
   1   H10        0.1560      -14.8180      -13.0280 
   1   H11       -0.4510      -16.4310      -12.6030 
   1   H12       -1.7460      -13.7720      -11.7760 
   1   H13       -2.3540      -15.3870      -11.3510 
   1   H14       -3.4580      -14.4940      -13.2520 
   1   H15       -2.0150      -14.3360      -14.0740 
   1   H16       -2.5850      -15.8520      -13.6750 

