Run semi-empirical minimization
 &qmmm
    qm_theory='AM1', grms_tol=0.0002,
  tight_p_conv=1, scfconv=1.d-10,   qmcharge=3,
 /
   7    N1       -1.3800        1.3180       -9.4810 
   6    C1       -0.9050        0.2800      -10.4180 
   6    C2        0.5480        0.5740      -10.8690 
   7    N2        0.7000        1.9650      -11.4140 
   6    C3        0.1580        3.0010      -10.4730 
   6    C4       -1.2880        2.6900      -10.0210 
   6    C5        2.1030        2.3070      -11.8240 
   6    C6        2.7100        1.4560      -12.9660 
   7    N3        4.0480        1.9670      -13.2950 
   1    H1       -2.3520        1.1200       -9.2340 
   1    H2       -0.8130        1.2670       -8.6320 
   1    H3       -0.9380       -0.6880       -9.9120 
   1    H4       -1.5670        0.2320      -11.2870 
   1    H5        1.2210        0.4230      -10.0190 
   1    H6        0.7970       -0.1600      -11.6370 
   1    H7        0.1230        2.0110      -12.2570 
   1    H8        0.1460        3.9790      -10.9630 
   1    H9        0.7920        3.0770       -9.5830 
   1   H10       -1.9740        2.8040      -10.8650 
   1   H11       -1.5850        3.3940       -9.2410 
   1   H12        2.7630        2.2480      -10.9540 
   1   H13        2.1170        3.3390      -12.1820 
   1   H14        2.8160        0.4120      -12.6690 
   1   H15        2.0780        1.5120      -13.8540 
   1   H16        3.9680        2.9330      -13.6160 
   1   H17        4.6410        1.9370      -12.4620 
   1   H18        4.4710        1.3970      -14.0310 

