Run semi-empirical minimization
 &qmmm
    qm_theory='AM1', grms_tol=0.0002,
  tight_p_conv=1, scfconv=1.d-10,   qmcharge=1,
 /
   6    C1       17.3710      -15.0630        6.4430 
   6    C2       18.8330      -14.5360        6.5370 
   6    C3       19.8450      -15.6930        6.7580 
   6    C4       19.7090      -16.7890        5.6690 
   6    C5       18.2530      -17.3170        5.5750 
   6    C6       17.2380      -16.1640        5.3510 
   7    N1       16.4330      -13.9590        6.1900 
   1    H1       17.0940      -15.4960        7.4110 
   1    H2       19.0930      -14.0010        5.6170 
   1    H3       18.9130      -13.8300        7.3680 
   1    H4       19.6810      -16.1380        7.7450 
   1    H5       20.8610      -15.2940        6.7400 
   1    H6       20.3810      -17.6180        5.9020 
   1    H7       20.0100      -16.3800        4.7010 
   1    H8       18.1820      -18.0280        4.7490 
   1    H9       18.0010      -17.8540        6.4950 
   1   H10       16.2240      -16.5740        5.3690 
   1   H11       17.4030      -15.7260        4.3610 
   1   H12       16.5110      -13.2650        6.9370 
   1   H13       16.6410      -13.5120        5.2970 
   1   H14       15.4760      -14.3210        6.1680 

