Run semi-empirical minimization
 &qmmm
    qm_theory='AM1', grms_tol=0.0002,
  tight_p_conv=1, scfconv=1.d-10,   qmcharge=1,
 /
   6    C1       18.0180        0.8880      -10.3890 
   6    C2       17.1720        0.8750      -11.6940 
   6    C3       16.9240        2.3130      -12.2270 
   6    C4       18.2570        3.0830      -12.4320 
   6    C5       19.1040        3.0950      -11.1310 
   6    C6       19.3530        1.6600      -10.5960 
   7    N1       18.2750       -0.4810       -9.9220 
   8    O1       17.9910        4.4210      -12.8510 
   1    H1       17.4420        1.3890       -9.6040 
   1    H2       17.6840        0.2900      -12.4630 
   1    H3       16.2090        0.3970      -11.4990 
   1    H4       16.2890        2.8580      -11.5230 
   1    H5       16.3920        2.2560      -13.1790 
   1    H6       18.8300        2.5930      -13.2250 
   1    H7       20.0640        3.5760      -11.3290 
   1    H8       18.5890        3.6830      -10.3660 
   1    H9       19.8880        1.7210       -9.6470 
   1   H10       19.9880        1.1190      -11.3030 
   1   H11       17.3870       -0.9600       -9.7610 
   1   H12       18.8120       -0.9990      -10.6180 
   1   H13       18.8030       -0.4510       -9.0480 
   1   H14       18.8770        4.8040      -13.0280 

