Run semi-empirical minimization
 &qmmm
    qm_theory='AM1', grms_tol=0.0002,
  tight_p_conv=1, scfconv=1.d-10,   qmcharge=2,
 /
   6    C1        2.0060      -15.5510        5.2130 
   6    C2        0.7290      -15.1890        4.7300 
   6    C3       -0.3960      -15.2300        5.5730 
   6    C4       -0.2730      -15.6450        6.9180 
   6    C5        1.0040      -16.0070        7.4020 
   6    C6        2.1290      -15.9660        6.5590 
   6    C7        3.1870      -15.5300        4.3190 
   7    N1        3.3110      -16.8360        3.6700 
   6    C8       -1.4540      -15.6660        7.8130 
   7    N2       -1.5770      -14.3600        8.4620 
   1    H1        0.6060      -14.8990        3.7570 
   1    H2       -1.3040      -14.9480        5.1990 
   1    H3        1.1270      -16.2970        8.3750 
   1    H4        3.0380      -16.2480        6.9330 
   1    H5        3.0860      -14.7570        3.5510 
   1    H6        4.1030      -15.3210        4.8800 
   1    H7        4.1220      -16.8360        3.0490 
   1    H8        2.4650      -17.0280        3.1260 
   1    H9        3.4260      -17.5620        4.3820 
   1   H10       -1.3530      -16.4390        8.5800 
   1   H11       -2.3690      -15.8750        7.2520 
   1   H12       -2.3890      -14.3600        9.0830 
   1   H13       -1.6930      -13.6340        7.7500 
   1   H14       -0.7320      -14.1680        9.0060 

