Run semi-empirical minimization
 &qmmm
    qm_theory='AM1', grms_tol=0.0002,
  tight_p_conv=1, scfconv=1.d-10,   qmcharge=1,
 /
   6    C1      -17.2940      -14.5920        5.0950 
   6    C2      -16.7810      -15.8350        5.8900 
   6    C3      -17.9960      -16.7740        6.1850 
   6    C4      -16.1340      -15.3800        7.2450 
   6    C5      -15.7390      -16.6240        5.0340 
   7    N1      -14.9730      -14.4880        7.0960 
   1    H1      -17.7710      -14.8960        4.1600 
   1    H2      -18.0260      -14.0300        5.6800 
   1    H3      -16.4710      -13.9210        4.8460 
   1    H4      -18.7530      -16.2580        6.7790 
   1    H5      -17.6790      -17.6610        6.7370 
   1    H6      -18.4670      -17.1060        5.2560 
   1    H7      -16.8700      -14.8500        7.8540 
   1    H8      -15.7970      -16.2520        7.8120 
   1    H9      -16.1840      -16.9690        4.0980 
   1   H10      -15.3720      -17.4980        5.5760 
   1   H11      -14.8830      -15.9950        4.7840 
   1   H12      -14.6120      -14.2390        8.0190 
   1   H13      -14.2370      -14.9580        6.5660 
   1   H14      -15.2500      -13.6340        6.6050 

