Run semi-empirical minimization
 &qmmm
    qm_theory='AM1', grms_tol=0.0002,
  tight_p_conv=1, scfconv=1.d-10,   qmcharge=1,
 /
   6    C1       16.9600       20.1220        7.2380 
   6    C2       18.5040       20.2450        7.0610 
   6    C3       19.3230       18.9190        7.0070 
   6    C4       16.1160       19.3800        6.1600 
   6    C5       16.5870       19.5350        4.6820 
   6    C6       17.3470       18.3230        4.0760 
   6    C7       18.3440       17.5380        4.9740 
   6    C8       19.5410       18.3290        5.5760 
   7    N1       20.6540       19.1420        7.6150 
   1    H1       16.5710       21.1410        7.3140 
   1    H2       16.7590       19.6450        8.2020 
   1    H3       18.7380       20.8640        6.1920 
   1    H4       18.8420       20.8200        7.9280 
   1    H5       18.8370       18.1720        7.6380 
   1    H6       16.0400       18.3250        6.4270 
   1    H7       15.0940       19.7680        6.2290 
   1    H8       17.1960       20.4320        4.5670 
   1    H9       15.7010       19.7010        4.0600 
   1   H10       16.6020       17.6040        3.7280 
   1   H11       17.8780       18.6720        3.1870 
   1   H12       17.8050       17.0170        5.7680 
   1   H13       18.7590       16.7500        4.3360 
   1   H14       20.3640       17.6120        5.6500 
   1   H15       19.8780       19.1060        4.8830 
   1   H16       21.1760       19.8370        7.0780 
   1   H17       20.5440       19.4700        8.5770 
   1   H18       21.1800       18.2650        7.6260 

