Run semi-empirical minimization
 &qmmm
    qm_theory='AM1', grms_tol=0.0002,
  tight_p_conv=1, scfconv=1.d-10,   qmcharge=1,
 /
   6    C1      -15.8190      -14.9890       21.9430 
   6    C2      -16.1660      -16.0910       23.0080 
   6    C3      -15.2650      -15.8510       24.2790 
   6    C4      -15.8970      -14.5670       24.8870 
   6    C5      -16.4210      -13.7090       22.5790 
   6    C6      -17.0580      -14.2740       23.8860 
   6    C7      -17.6090      -15.6790       23.4870 
   6    C8      -18.7470      -15.6600       22.3930 
   6    C9      -18.2330      -16.5110       24.6730 
   6   C10      -16.0420      -17.5350       22.4460 
   7    N1      -13.8170      -15.7150       24.0270 
   1    H1      -15.3650      -16.6840       24.9790 
   1    H2      -16.2770      -15.2020       20.9730 
   1    H3      -14.7460      -14.8890       21.7680 
   1    H4      -16.2830      -14.7460       25.8960 
   1    H5      -15.1860      -13.7370       24.9490 
   1    H6      -17.1740      -13.2490       21.9340 
   1    H7      -15.6510      -12.9580       22.7780 
   1    H8      -17.8160      -13.6060       24.3060 
   1    H9      -19.0060      -16.6800       22.0970 
   1   H10      -19.6460      -15.1880       22.7950 
   1   H11      -18.4940      -15.1230       21.4830 
   1   H12      -19.1480      -16.0310       25.0290 
   1   H13      -17.5840      -16.6270       25.5360 
   1   H14      -18.4920      -17.5170       24.3360 
   1   H15      -15.0130      -17.7300       22.1380 
   1   H16      -16.6940      -17.6700       21.5810 
   1   H17      -16.3200      -18.2680       23.2060 
   1   H18      -13.4690      -16.5540       23.5570 
   1   H19      -13.6380      -14.8960       23.4410 
   1   H20      -13.3280      -15.6010       24.9170 

