Run semi-empirical minimization
 &qmmm
    qm_theory='AM1', grms_tol=0.0002,
  tight_p_conv=1, scfconv=1.d-10,   qmcharge=1,
 /
   6    C1      -17.6810        0.1740        5.6980 
   6    C2      -16.2010        0.1110        5.2410 
   6    C3      -17.6640        1.3730        6.6860 
   6    C4      -17.4820        2.7140        5.9160 
   6    C5      -15.9860        2.6580        5.4910 
   6    C6      -15.5490        1.2710        6.0500 
   6    C7      -16.3080        1.2000        7.3880 
   7    N1      -15.1930        3.7550        6.0760 
   1    H1      -17.9710       -0.7460        6.2130 
   1    H2      -18.3630        0.3430        4.8610 
   1    H3      -15.7520       -0.8500        5.5130 
   1    H4      -16.1010        0.2590        4.1630 
   1    H5      -18.5170        1.3800        7.3680 
   1    H6      -17.6890        3.5650        6.5720 
   1    H7      -18.1460        2.7720        5.0480 
   1    H8      -15.8770        2.7000        4.4020 
   1    H9      -14.4640        1.1630        6.1490 
   1   H10      -16.1960        0.2390        7.9050 
   1   H11      -16.0660        2.0140        8.0790 
   1   H12      -15.5330        4.6500        5.7210 
   1   H13      -15.2740        3.7460        7.0940 
   1   H14      -14.2110        3.6380        5.8180 

