Run semi-empirical minimization
 &qmmm
    qm_theory='AM1', grms_tol=0.0002,
  tight_p_conv=1, scfconv=1.d-10,   qmcharge=4,
 /
   6    C1       17.0310        1.4970        6.8450 
   6    C2       16.9260        1.9610        5.5140 
   6    C3       18.0780        2.1950        4.7450 
   6    C4       19.3640        1.9700        5.2870 
   6    C5       19.4690        1.5050        6.6170 
   6    C6       18.3170        1.2720        7.3870 
   6    C7       15.8160        1.2750        7.6650 
   7    N1       15.4800        2.5290        8.3770 
   6    C8       14.2800        2.4470        9.2380 
   6    C9       13.9880        3.7930        9.9510 
   6   C10       12.7320        3.6980       10.8490 
   7    N2       12.4360        4.9640       11.5340 
   6   C11       20.5790        2.1910        4.4660 
   7    N3       20.9150        0.9370        3.7550 
   6   C12       22.1150        1.0190        2.8940 
   6   C13       22.4070       -0.3270        2.1810 
   6   C14       23.6640       -0.2320        1.2830 
   7    N4       23.9590       -1.4970        0.5980 
   1    H1       16.0110        2.1370        5.0960 
   1    H2       17.9700        2.5270        3.7850 
   1    H3       20.3840        1.3290        7.0360 
   1    H4       18.4250        0.9390        8.3470 
   1    H5       15.9880        0.4710        8.3870 
   1    H6       14.9800        0.9710        7.0290 
   1    H7       16.2830        2.7920        8.9550 
   1    H8       15.3350        3.2620        7.6780 
   1    H9       13.4170        2.1720        8.6250 
   1   H10       14.4320        1.6690        9.9920 
   1   H11       13.8350        4.5740        9.2020 
   1   H12       14.8480        4.0720       10.5660 
   1   H13       12.8790        2.9260       11.6060 
   1   H14       11.8650        3.4280       10.2410 
   1   H15       11.6000        4.8460       12.1120 
   1   H16       12.2660        5.7030       10.8480 
   1   H17       13.2210        5.2300       12.1340 
   1   H18       20.4070        2.9960        3.7450 
   1   H19       21.4160        2.4960        5.1020 
   1   H20       20.1120        0.6750        3.1770 
   1   H21       21.0610        0.2040        4.4540 
   1   H22       22.9790        1.2940        3.5070 
   1   H23       21.9630        1.7980        2.1400 
   1   H24       21.5480       -0.6060        1.5660 
   1   H25       22.5610       -1.1080        2.9300 
   1   H26       23.5160        0.5410        0.5250 
   1   H27       24.5300        0.0380        1.8910 
   1   H28       24.7960       -1.3800        0.0200 
   1   H29       23.1740       -1.7640       -0.0020 
   1   H30       24.1290       -2.2370        1.2830 

