Run semi-empirical minimization
 &qmmm
    qm_theory='AM1', grms_tol=0.0002,
  tight_p_conv=1, scfconv=1.d-10,   qmcharge=2,
 /
   6    C1       -0.0320       19.9060      -11.7720 
   6    C2       -1.1600       19.3320      -11.1430 
   6    C3       -1.0080       18.5360       -9.9940 
   6    C4        0.2710       18.3010       -9.4610 
   6    C5        1.4160       18.8630      -10.0700 
   6    C6        1.2500       19.6530      -11.2310 
   6    C7       -0.1800       20.7320      -12.9950 
   6    C8        2.7720       18.6060       -9.5250 
   7    N1       -0.1030       19.8650      -14.1740 
   7    N2        3.3210       17.4000      -10.1480 
   1    H1       -2.0990       19.4850      -11.5210 
   1    H2       -1.8310       18.1220       -9.5480 
   1    H3        0.3620       17.7130       -8.6280 
   1    H4        2.0750       20.0420      -11.6950 
   1    H5       -1.1380       21.2560      -13.0010 
   1    H6        0.6110       21.4830      -13.0590 
   1    H7        2.7400       18.4650       -8.4420 
   1    H8        3.4420       19.4450       -9.7310 
   1    H9       -0.2080       20.4260      -15.0230 
   1   H10       -0.8510       19.1680      -14.1320 
   1   H11        0.8040       19.3910      -14.1900 
   1   H12        4.2550       17.2130       -9.7760 
   1   H13        3.3800       17.5360      -11.1610 
   1   H14        2.7090       16.6050       -9.9470 

