Run semi-empirical minimization
 &qmmm
    qm_theory='AM1', grms_tol=0.0002,
  tight_p_conv=1, scfconv=1.d-10,   qmcharge=1,
 /
   6    C1      -15.2560       19.6230        4.5010 
   6    C2      -14.9070       18.5220        5.5560 
   6    C3      -15.9000       17.3240        5.4080 
   6    C4      -17.3660       17.8220        5.6360 
   6    C5      -16.7190       20.1250        4.7270 
   6    C6      -17.7110       18.9250        4.5810 
   6    C7      -16.8420       20.7280        6.1620 
   6    C8      -15.0290       19.1250        6.9910 
   6    C9      -17.4880       18.4270        7.0720 
   6   C10      -16.4930       19.6270        7.2190 
   7    N1      -16.6100       20.1930        8.5670 
   8    O1      -18.2770       16.7290        5.5130 
   1    H1      -14.5550       20.4590        4.5850 
   1    H2      -15.1530       19.2170        3.4910 
   1    H3      -13.8820       18.1730        5.3960 
   1    H4      -15.6510       16.5420        6.1300 
   1    H5      -15.8030       16.8840        4.4120 
   1    H6      -16.9600       20.8950        3.9890 
   1    H7      -18.7390       19.2720        4.7190 
   1    H8      -17.6450       18.5130        3.5700 
   1    H9      -16.1650       21.5820        6.2700 
   1   H10      -17.8580       21.1020        6.3260 
   1   H11      -14.3230       19.9530        7.1120 
   1   H12      -14.7670       18.3690        7.7390 
   1   H13      -17.2650       17.6610        7.8200 
   1   H14      -18.5140       18.7650        7.2500 
   1   H15      -15.9600       20.9770        8.6620 
   1   H16      -17.5670       20.5210        8.7160 
   1   H17      -16.3820       19.4740        9.2570 
   1   H18      -18.1520       16.3980        4.5990 

