Run semi-empirical minimization
 &qmmm
    qm_theory='AM1', grms_tol=0.0002,
  tight_p_conv=1, scfconv=1.d-10,   qmcharge=2,
 /
   7    N1      -16.2010       19.0910      -15.6870 
   6    C1      -15.5360       19.1210      -14.3820 
   6    C2      -16.5820       19.0640      -13.2460 
   6    C3      -15.9380       19.0930      -11.8350 
   6    C4      -16.9910       19.0350      -10.6950 
   6    C5      -16.3470       19.0650       -9.2850 
   6    C6      -17.3930       19.0080       -8.1490 
   7    N2      -16.7290       19.0380       -6.8430 
   1    H1      -15.5040       19.1290      -16.4330 
   1    H2      -16.8290       19.8930      -15.7680 
   1    H3      -16.7440       18.2280      -15.7730 
   1    H4      -14.8580       18.2660      -14.3170 
   1    H5      -14.9500       20.0400      -14.3120 
   1    H6      -17.2580       19.9180      -13.3500 
   1    H7      -17.1670       18.1460      -13.3550 
   1    H8      -15.3530       20.0100      -11.7340 
   1    H9      -15.2620       18.2400      -11.7390 
   1   H10      -17.5760       18.1180      -10.7960 
   1   H11      -17.6670       19.8880      -10.7910 
   1   H12      -15.6710       18.2110       -9.1810 
   1   H13      -15.7620       19.9830       -9.1760 
   1   H14      -17.9800       18.0880       -8.2180 
   1   H15      -18.0710       19.8620       -8.2130 
   1   H16      -17.4250       19.0000       -6.0970 
   1   H17      -16.1000       18.2350       -6.7620 
   1   H18      -16.1860       19.9000       -6.7570 

