Run semi-empirical minimization
 &qmmm
    qm_theory='AM1', grms_tol=0.0002,
  tight_p_conv=1, scfconv=1.d-10,   qmcharge=2,
 /
   6    C1      -15.2570      -14.9230      -11.0210 
   6    C2      -15.6730      -15.9520      -10.1530 
   6    C3      -16.8820      -16.6280      -10.3970 
   6    C4      -17.6720      -16.2730      -11.5080 
   6    C5      -17.2560      -15.2450      -12.3780 
   6    C6      -16.0470      -14.5690      -12.1340 
   7    N1      -14.0590      -14.2520      -10.7800 
   7    N2      -18.8710      -16.9430      -11.7500 
   1    H1      -15.1010      -16.2110       -9.3450 
   1    H2      -17.1820      -17.3750       -9.7640 
   1    H3      -17.8280      -14.9860      -13.1870 
   1    H4      -15.7470      -13.8220      -12.7670 
   1    H5      -13.8740      -14.2380       -9.7740 
   1    H6      -14.1290      -13.2930      -11.1270 
   1    H7      -13.2990      -14.7380      -11.2620 
   1    H8      -18.6890      -17.7520      -12.3490 
   1    H9      -19.2710      -17.2560      -10.8620 
   1   H10      -19.5270      -16.3110      -12.2160 

