Run semi-empirical minimization
 &qmmm
    qm_theory='AM1', grms_tol=0.0002,
  tight_p_conv=1, scfconv=1.d-10,   qmcharge=1,
 /
   6    C1        0.6510      -14.9120       24.9160 
   6    C2        2.1700      -14.6710       24.5490 
   6    C3        2.4460      -15.1180       23.0560 
   6    C4        2.0030      -16.5890       22.8490 
   6    C5        0.4710      -16.4590       23.1120 
   6    C6        0.2690      -16.3880       24.6560 
   6    C7       -0.2760      -14.2260       23.8810 
   6    C8        0.1160      -15.0120       22.5980 
   6    C9        1.4610      -14.4260       22.0800 
   7    N1       -0.3210      -17.5350       22.4960 
   1    H1        0.4240      -14.6040       25.9400 
   1    H2        2.8080      -15.2470       25.2250 
   1    H3        2.4150      -13.6140       24.6710 
   1    H4        3.4880      -14.9560       22.7660 
   1    H5        2.5140      -17.2690       23.5370 
   1    H6        2.2050      -16.9360       21.8300 
   1    H7       -0.7690      -16.5900       24.9390 
   1    H8        0.9050      -17.0790       25.2170 
   1    H9       -0.0930      -13.1490       23.8170 
   1   H10       -1.3350      -14.3730       24.1170 
   1   H11       -0.6670      -14.9830       21.8350 
   1   H12        1.6470      -14.7200       21.0400 
   1   H13        1.5220      -13.3350       22.1350 
   1   H14       -0.0440      -18.4360       22.8910 
   1   H15       -1.3140      -17.3770       22.6820 
   1   H16       -0.1640      -17.5440       21.4860 

